0 1250.000000 15.000000
5 1733.000000 21.000000
5 2119.000000 22.000000
5 2596.000000 23.000000
5 3011.000000 24.000000
5 3504.000000 25.000000
5 3939.000000 26.000000
5 4425.000000 27.000000
5 4817.000000 28.000000
5 5166.000000 29.000000
5 5487.000000 30.000000
5 5949.000000 31.000000
5 6276.000000 32.000000
5 6666.000000 33.000000
5 7025.000000 34.000000
5 7488.000000 35.000000
5 7914.000000 36.000000
5 8354.000000 37.000000
5 8680.000000 38.000000
5 9152.000000 39.000000
5 9588.000000 40.000000
5 9899.000000 41.000000
5 10367.000000 42.000000
5 10834.000000 43.000000
5 11163.000000 44.000000
5 11645.000000 45.000000
5 12075.000000 46.000000
5 12437.000000 47.000000
5 12860.000000 48.000000
5 13227.000000 49.000000
5 13662.000000 50.000000
5 14091.000000 51.000000
5 14393.000000 52.000000
5 14715.000000 53.000000
5 15073.000000 54.000000
5 15442.000000 55.000000
5 15909.000000 56.000000
5 16402.000000 57.000000
5 16758.000000 58.000000
5 17069.000000 59.000000
5 17411.000000 60.000000
5 17740.000000 61.000000
5 18213.000000 62.000000
5 18534.000000 63.000000
5 18953.000000 64.000000
5 19437.000000 65.000000
5 19874.000000 66.000000
5 20372.000000 67.000000
5 20796.000000 68.000000
5 21211.000000 69.000000
5 21681.000000 70.000000
5 21994.000000 71.000000
5 22420.000000 72.000000
5 22811.000000 73.000000
5 23291.000000 74.000000
5 23747.000000 75.000000
5 24120.000000 76.000000
5 24482.000000 77.000000
5 24952.000000 78.000000
5 25448.000000 79.000000
5 25829.000000 80.000000
5 26234.000000 81.000000
5 26659.000000 82.000000
5 27043.000000 83.000000
5 27470.000000 84.000000
5 27906.000000 20.000000
5 28311.000000 21.000000
5 28657.000000 22.000000
5 29086.000000 23.000000
5 29499.000000 24.000000
5 29856.000000 25.000000
5 30280.000000 26.000000
5 30675.000000 27.000000
5 31157.000000 28.000000
5 31602.000000 29.000000
5 31916.000000 30.000000
5 32383.000000 31.000000
5 32717.000000 32.000000
5 33181.000000 33.000000
5 33524.000000 34.000000
5 33974.000000 35.000000
5 34361.000000 36.000000
5 34669.000000 37.000000
5 35045.000000 38.000000
5 35523.000000 39.000000
5 36011.000000 40.000000
5 36495.000000 41.000000
5 36798.000000 42.000000
5 37149.000000 43.000000
5 37603.000000 44.000000
5 38102.000000 45.000000
5 38534.000000 46.000000
5 38894.000000 47.000000
5 39270.000000 48.000000
5 39738.000000 49.000000
5 40177.000000 50.000000
5 40489.000000 51.000000
5 40815.000000 52.000000
5 41301.000000 53.000000
5 41695.000000 54.000000
5 42134.000000 55.000000
5 42629.000000 56.000000
5 43099.000000 57.000000
5 43433.000000 58.000000
5 43911.000000 59.000000
5 44278.000000 60.000000
5 44579.000000 61.000000
5 44976.000000 62.000000
5 45378.000000 63.000000
5 45795.000000 64.000000
5 46187.000000 65.000000
5 46539.000000 66.000000
5 46995.000000 67.000000
5 47396.000000 68.000000
5 47776.000000 69.000000
5 48162.000000 70.000000
5 48503.000000 71.000000
5 48868.000000 72.000000
5 49257.000000 73.000000
5 49601.000000 74.000000
5 49920.000000 75.000000
5 50260.000000 76.000000
5 50689.000000 77.000000
5 51020.000000 78.000000
5 51437.000000 79.000000
5 51834.000000 80.000000
5 52305.000000 81.000000
5 52686.000000 82.000000
5 53061.000000 83.000000
5 53470.000000 84.000000
5 53897.000000 20.000000
5 54364.000000 21.000000
5 54720.000000 22.000000
5 55117.000000 23.000000
5 55570.000000 24.000000
5 56056.000000 25.000000
5 56521.000000 26.000000
5 56927.000000 27.000000
5 57310.000000 28.000000
5 57629.000000 29.000000
5 57953.000000 30.000000
5 58381.000000 31.000000
5 58752.000000 32.000000
5 59184.000000 33.000000
5 59513.000000 34.000000
5 59916.000000 35.000000
5 60235.000000 36.000000
5 60605.000000 37.000000
5 61073.000000 38.000000
5 61481.000000 39.000000
5 61896.000000 40.000000
5 62336.000000 41.000000
5 62785.000000 42.000000
5 63281.000000 43.000000
5 63704.000000 44.000000
5 64022.000000 45.000000
5 64367.000000 46.000000
5 64713.000000 47.000000
5 65064.000000 48.000000
5 65485.000000 49.000000
5 65940.000000 50.000000
5 66419.000000 51.000000
5 66807.000000 52.000000
5 67271.000000 53.000000
5 67599.000000 54.000000
5 67940.000000 55.000000
5 68390.000000 56.000000
5 68883.000000 57.000000
5 69283.000000 58.000000
5 69617.000000 59.000000
5 70081.000000 60.000000
5 70505.000000 61.000000
5 70919.000000 62.000000
5 71406.000000 63.000000
5 71762.000000 64.000000
5 72205.000000 65.000000
5 72596.000000 66.000000
5 72923.000000 67.000000
5 73388.000000 68.000000
5 73747.000000 69.000000
5 74183.000000 70.000000
5 74515.000000 71.000000
5 74966.000000 72.000000
5 75303.000000 73.000000
5 75631.000000 74.000000
5 76006.000000 75.000000
5 76313.000000 76.000000
5 76687.000000 77.000000
5 77108.000000 78.000000
5 77466.000000 79.000000
5 77961.000000 80.000000
5 78290.000000 81.000000
5 78627.000000 82.000000
5 78962.000000 83.000000
5 79455.000000 84.000000
5 79773.000000 20.000000
5 80101.000000 21.000000
5 80544.000000 22.000000
5 80855.000000 23.000000
5 81283.000000 24.000000
5 81712.000000 25.000000
5 82188.000000 26.000000
5 82492.000000 27.000000
5 82835.000000 28.000000
5 83298.000000 29.000000
5 83611.000000 30.000000
5 84049.000000 31.000000
5 84355.000000 32.000000
5 84695.000000 33.000000
5 85099.000000 34.000000
5 85417.000000 35.000000
5 85845.000000 36.000000
5 86233.000000 37.000000
5 86702.000000 38.000000
5 87119.000000 39.000000
5 87536.000000 40.000000
5 88032.000000 41.000000
5 88456.000000 42.000000
5 88899.000000 43.000000
5 89269.000000 44.000000
5 89752.000000 45.000000
5 90142.000000 46.000000
5 90541.000000 47.000000
5 91013.000000 48.000000
5 91438.000000 49.000000
5 91782.000000 50.000000
5 92272.000000 51.000000
5 92677.000000 52.000000
5 93116.000000 53.000000
5 93570.000000 54.000000
5 94056.000000 55.000000
5 94425.000000 56.000000
5 94807.000000 57.000000
5 95249.000000 58.000000
5 95613.000000 59.000000
5 96110.000000 60.000000
5 96517.000000 61.000000
5 96972.000000 62.000000
5 97276.000000 63.000000
5 97724.000000 64.000000
5 98035.000000 65.000000
5 98357.000000 66.000000
5 98685.000000 67.000000
5 99084.000000 68.000000
5 99527.000000 69.000000
5 99973.000000 70.000000
5 100441.000000 71.000000
5 100881.000000 72.000000
5 101203.000000 73.000000
5 101614.000000 74.000000
5 101924.000000 75.000000
5 102229.000000 76.000000
5 102530.000000 77.000000
5 102891.000000 78.000000
5 103321.000000 79.000000
5 103699.000000 80.000000
5 104104.000000 81.000000
5 104524.000000 82.000000
5 104960.000000 83.000000
5 105304.000000 84.000000
5 105630.000000 20.000000
5 106052.000000 21.000000
5 106417.000000 22.000000
5 106825.000000 23.000000
5 107141.000000 24.000000
5 107523.000000 25.000000
5 107881.000000 26.000000
5 108305.000000 27.000000
5 108642.000000 28.000000
5 109004.000000 29.000000
5 109328.000000 30.000000
5 109628.000000 31.000000
5 109964.000000 32.000000
5 110316.000000 33.000000
5 110715.000000 34.000000
5 111194.000000 35.000000
5 111644.000000 36.000000
5 112012.000000 37.000000
5 112383.000000 38.000000
5 112856.000000 39.000000
5 113287.000000 40.000000
5 113668.000000 41.000000
5 114098.000000 42.000000
5 114531.000000 43.000000
5 114925.000000 44.000000
5 115285.000000 45.000000
5 115748.000000 46.000000
5 116247.000000 47.000000
5 116728.000000 48.000000
5 117127.000000 49.000000
5 117623.000000 50.000000
5 118082.000000 51.000000
5 118555.000000 52.000000
5 118868.000000 53.000000
5 119236.000000 54.000000
5 119726.000000 55.000000
5 120121.000000 56.000000
5 120547.000000 57.000000
5 120913.000000 58.000000
5 121297.000000 59.000000
5 121737.000000 60.000000
5 122127.000000 61.000000
5 122511.000000 62.000000
5 122987.000000 63.000000
5 123429.000000 64.000000
5 123865.000000 65.000000
5 124272.000000 66.000000
5 124617.000000 67.000000
5 125073.000000 68.000000
5 125552.000000 69.000000
5 125870.000000 70.000000
5 126257.000000 71.000000
5 126569.000000 72.000000
5 127017.000000 73.000000
5 127489.000000 74.000000
5 127848.000000 75.000000
5 128157.000000 76.000000
5 128593.000000 77.000000
5 128903.000000 78.000000
5 129345.000000 79.000000
5 129832.000000 80.000000
5 130138.000000 81.000000
5 130539.000000 82.000000
5 130952.000000 83.000000
5 131424.000000 84.000000
5 131845.000000 20.000000
5 132200.000000 21.000000
5 132519.000000 22.000000
5 133018.000000 23.000000
5 133439.000000 24.000000
5 133843.000000 25.000000
5 134282.000000 26.000000
5 134593.000000 27.000000
5 135033.000000 28.000000
5 135400.000000 29.000000
5 135805.000000 30.000000
5 136133.000000 31.000000
5 136560.000000 32.000000
5 137010.000000 33.000000
5 137494.000000 34.000000
5 137852.000000 35.000000
5 138272.000000 36.000000
5 138596.000000 37.000000
5 138918.000000 38.000000
5 139287.000000 39.000000
5 139783.000000 40.000000
5 140164.000000 41.000000
5 140494.000000 42.000000
5 140878.000000 43.000000
5 141270.000000 44.000000
5 141742.000000 45.000000
5 142114.000000 46.000000
5 142464.000000 47.000000
5 142789.000000 48.000000
5 143274.000000 49.000000
5 143596.000000 50.000000
5 143995.000000 51.000000
5 144335.000000 52.000000
5 144677.000000 53.000000
5 145075.000000 54.000000
5 145488.000000 55.000000
5 145886.000000 56.000000
5 146376.000000 57.000000
5 146800.000000 58.000000
5 147290.000000 59.000000
5 147599.000000 60.000000
5 148080.000000 61.000000
5 148399.000000 62.000000
5 148835.000000 63.000000
5 149267.000000 64.000000
5 149722.000000 65.000000
5 150216.000000 66.000000
5 150520.000000 67.000000
5 150999.000000 68.000000
5 151468.000000 69.000000
5 151841.000000 70.000000
5 152317.000000 71.000000
5 152667.000000 72.000000
5 153022.000000 73.000000
5 153382.000000 74.000000
5 153824.000000 75.000000
5 154303.000000 76.000000
5 154687.000000 77.000000
5 155180.000000 78.000000
5 155485.000000 79.000000
5 155806.000000 80.000000
5 156273.000000 81.000000
5 156677.000000 82.000000
5 156990.000000 83.000000
5 157451.000000 84.000000
5 157905.000000 20.000000
5 158331.000000 21.000000
5 158690.000000 22.000000
5 159134.000000 23.000000
5 159436.000000 24.000000
5 159738.000000 25.000000
5 160144.000000 26.000000
5 160628.000000 27.000000
5 160949.000000 28.000000
5 161291.000000 29.000000
5 161659.000000 30.000000
5 162087.000000 31.000000
5 162576.000000 32.000000
5 162948.000000 33.000000
5 163356.000000 34.000000
5 163814.000000 35.000000
5 164212.000000 36.000000
5 164548.000000 37.000000
5 164856.000000 38.000000
5 165309.000000 39.000000
5 165657.000000 40.000000
5 166060.000000 41.000000
5 166493.000000 42.000000
5 166926.000000 43.000000
5 167274.000000 44.000000
5 167664.000000 45.000000
5 168118.000000 46.000000
5 168585.000000 47.000000
5 169031.000000 48.000000
5 169499.000000 49.000000
5 169928.000000 50.000000
5 170328.000000 51.000000
5 170674.000000 52.000000
5 171162.000000 53.000000
5 171659.000000 54.000000
5 172008.000000 55.000000
5 172498.000000 56.000000
5 172901.000000 57.000000
5 173234.000000 58.000000
5 173697.000000 59.000000
5 174094.000000 60.000000
5 174447.000000 61.000000
5 174839.000000 62.000000
5 175225.000000 63.000000
5 175650.000000 64.000000
5 176102.000000 65.000000
5 176598.000000 66.000000
5 177073.000000 67.000000
5 177561.000000 68.000000
5 178018.000000 69.000000
5 178447.000000 70.000000
5 178783.000000 71.000000
5 179143.000000 72.000000
5 179457.000000 73.000000
5 179878.000000 74.000000
5 180238.000000 75.000000
5 180642.000000 76.000000
5 180970.000000 77.000000
5 181297.000000 78.000000
5 181647.000000 79.000000
5 182095.000000 80.000000
5 182551.000000 81.000000
5 182953.000000 82.000000
5 183447.000000 83.000000
5 183844.000000 84.000000
5 184243.000000 20.000000
5 184586.000000 21.000000
5 184925.000000 22.000000
5 185227.000000 23.000000
5 185555.000000 24.000000
5 185858.000000 25.000000
5 186258.000000 26.000000
5 186639.000000 27.000000
5 186986.000000 28.000000
5 187424.000000 29.000000
5 187883.000000 30.000000
5 188334.000000 31.000000
5 188769.000000 32.000000
5 189203.000000 33.000000
5 189642.000000 34.000000
5 190034.000000 35.000000
5 190349.000000 36.000000
5 190776.000000 37.000000
5 191180.000000 38.000000
5 191509.000000 39.000000
5 191858.000000 40.000000
5 192322.000000 41.000000
5 192707.000000 42.000000
5 193036.000000 43.000000
5 193479.000000 44.000000
5 193914.000000 45.000000
5 194391.000000 46.000000
5 194791.000000 47.000000
5 195129.000000 48.000000
5 195600.000000 49.000000
5 196049.000000 50.000000
5 196438.000000 51.000000
5 196905.000000 52.000000
5 197393.000000 53.000000
5 197785.000000 54.000000
5 198280.000000 55.000000
5 198723.000000 56.000000
5 199167.000000 57.000000
5 199496.000000 58.000000
5 199986.000000 59.000000
5 200368.000000 60.000000
5 200808.000000 61.000000
5 201249.000000 62.000000
5 201718.000000 63.000000
5 202044.000000 64.000000
5 202376.000000 65.000000
5 202737.000000 66.000000
5 203079.000000 67.000000
5 203539.000000 68.000000
5 203956.000000 69.000000
5 204279.000000 70.000000
5 204740.000000 71.000000
5 205121.000000 72.000000
5 205530.000000 73.000000
5 206020.000000 74.000000
5 206345.000000 75.000000
5 206841.000000 76.000000
5 207308.000000 77.000000
5 207685.000000 78.000000
5 208019.000000 79.000000
5 208409.000000 80.000000
5 208735.000000 81.000000
5 209159.000000 82.000000
5 209516.000000 83.000000
5 209830.000000 84.000000
5 210298.000000 20.000000
5 210603.000000 21.000000
5 211061.000000 22.000000
5 211473.000000 23.000000
5 211959.000000 24.000000
5 212359.000000 25.000000
5 212805.000000 26.000000
5 213231.000000 27.000000
5 213725.000000 28.000000
5 214141.000000 29.000000
5 214593.000000 30.000000
5 215071.000000 31.000000
5 215500.000000 32.000000
5 215946.000000 33.000000
5 216336.000000 34.000000
5 216683.000000 35.000000
5 217153.000000 36.000000
5 217504.000000 37.000000
5 217884.000000 38.000000
5 218215.000000 39.000000
5 218708.000000 40.000000
5 219065.000000 41.000000
5 219392.000000 42.000000
5 219804.000000 43.000000
5 220190.000000 44.000000
5 220504.000000 45.000000
5 220959.000000 46.000000
5 221371.000000 47.000000
5 221761.000000 48.000000
5 222073.000000 49.000000
5 222452.000000 50.000000
5 222762.000000 51.000000
5 223231.000000 52.000000
5 223720.000000 53.000000
5 224094.000000 54.000000
5 224549.000000 55.000000
5 224890.000000 56.000000
5 225210.000000 57.000000
5 225543.000000 58.000000
5 226030.000000 59.000000
5 226418.000000 60.000000
5 226856.000000 61.000000
5 227322.000000 62.000000
5 227792.000000 63.000000
5 228176.000000 64.000000
5 228532.000000 65.000000
5 228849.000000 66.000000
5 229155.000000 67.000000
5 229515.000000 68.000000
5 229864.000000 69.000000
5 230201.000000 70.000000
5 230506.000000 71.000000
5 230865.000000 72.000000
5 231182.000000 73.000000
5 231600.000000 74.000000
5 232045.000000 75.000000
5 232528.000000 76.000000
5 232901.000000 77.000000
5 233259.000000 78.000000
5 233632.000000 79.000000
5 233969.000000 80.000000
5 234358.000000 81.000000
5 234741.000000 82.000000
5 235048.000000 83.000000
5 235426.000000 84.000000
5 235883.000000 20.000000
5 236297.000000 21.000000
5 236668.000000 22.000000
5 237097.000000 23.000000
5 237497.000000 24.000000
5 237856.000000 25.000000
5 238174.000000 26.000000
5 238512.000000 27.000000
5 238837.000000 28.000000
5 239325.000000 29.000000
5 239699.000000 30.000000
5 240032.000000 31.000000
5 240489.000000 32.000000
5 240870.000000 33.000000
5 241263.000000 34.000000
0 241721.000000 15.000000
0 242091.000000 15.000000
0 242490.000000 15.000000
0 242807.000000 15.000000
0 243146.000000 15.000000
0 243615.000000 15.000000
0 244078.000000 15.000000
0 244400.000000 15.000000
0 244894.000000 15.000000
0 245367.000000 15.000000
0 245714.000000 15.000000
0 246045.000000 15.000000
0 246407.000000 15.000000
0 246789.000000 15.000000
0 247279.000000 15.000000
0 247671.000000 15.000000
0 248162.000000 15.000000
0 248519.000000 15.000000
0 248934.000000 15.000000
0 249355.000000 15.000000
0 249812.000000 15.000000
0 250286.000000 15.000000
0 250677.000000 15.000000
0 251124.000000 15.000000
0 251575.000000 15.000000
0 251906.000000 15.000000
0 252227.000000 15.000000
0 252664.000000 15.000000
0 253104.000000 15.000000
0 253458.000000 15.000000
0 253788.000000 15.000000
0 254186.000000 15.000000
0 254611.000000 15.000000
0 254992.000000 15.000000
0 255408.000000 15.000000
0 255824.000000 15.000000
0 256126.000000 15.000000
0 256457.000000 15.000000
0 256896.000000 15.000000
0 257392.000000 15.000000
0 257696.000000 15.000000
0 258134.000000 15.000000
0 258614.000000 15.000000
0 258932.000000 15.000000
0 259253.000000 15.000000
0 259723.000000 15.000000
0 260085.000000 15.000000
0 260397.000000 15.000000
0 260876.000000 15.000000
0 261353.000000 15.000000
0 261738.000000 15.000000
0 262174.000000 15.000000
0 262578.000000 15.000000
0 263054.000000 15.000000
0 263437.000000 15.000000
0 263744.000000 15.000000
0 264203.000000 15.000000
0 264560.000000 15.000000
0 265004.000000 15.000000
0 265403.000000 15.000000
0 265814.000000 15.000000
0 266241.000000 15.000000
0 266691.000000 15.000000
0 267027.000000 15.000000
0 267487.000000 15.000000
0 267805.000000 15.000000
0 268210.000000 15.000000
0 268673.000000 15.000000
0 269022.000000 15.000000
0 269366.000000 15.000000
0 269777.000000 15.000000
0 270082.000000 15.000000
0 270516.000000 15.000000
0 270907.000000 15.000000
0 271382.000000 15.000000
0 271837.000000 15.000000
0 272151.000000 15.000000
0 272640.000000 15.000000
0 273108.000000 15.000000
0 273601.000000 15.000000
0 274019.000000 15.000000
0 274324.000000 15.000000
0 274706.000000 15.000000
0 275028.000000 15.000000
0 275510.000000 15.000000
0 275927.000000 15.000000
0 276257.000000 15.000000
0 276650.000000 15.000000
0 277124.000000 15.000000
0 277550.000000 15.000000
0 278043.000000 15.000000
0 278429.000000 15.000000
0 278782.000000 15.000000
0 279225.000000 15.000000
0 279599.000000 15.000000
0 279913.000000 15.000000
0 280326.000000 15.000000
0 280805.000000 15.000000
0 281282.000000 15.000000
0 281744.000000 15.000000
0 282219.000000 15.000000
0 282607.000000 15.000000
0 283026.000000 15.000000
0 283436.000000 15.000000
0 283868.000000 15.000000
0 284262.000000 15.000000
0 284579.000000 15.000000
0 285025.000000 15.000000
0 285360.000000 15.000000
0 285797.000000 15.000000
0 286188.000000 15.000000
0 286641.000000 15.000000
0 287084.000000 15.000000
0 287557.000000 15.000000
0 287985.000000 15.000000
0 288410.000000 15.000000
0 288801.000000 15.000000
0 289211.000000 15.000000
0 289529.000000 15.000000
0 289846.000000 15.000000
0 290182.000000 15.000000
0 290645.000000 15.000000
0 291000.000000 15.000000
0 291390.000000 15.000000
0 291748.000000 15.000000
0 292178.000000 15.000000
0 292582.000000 15.000000
0 293053.000000 15.000000
0 293414.000000 15.000000
0 293747.000000 15.000000
0 294132.000000 15.000000
0 294621.000000 15.000000
0 294994.000000 15.000000
0 295298.000000 15.000000
0 295649.000000 15.000000
0 295954.000000 15.000000
0 296304.000000 15.000000
0 296672.000000 15.000000
0 297075.000000 15.000000
0 297460.000000 15.000000
0 297766.000000 15.000000
0 298261.000000 15.000000
0 298600.000000 15.000000
0 299049.000000 15.000000
0 299469.000000 15.000000
0 299936.000000 15.000000
0 300262.000000 15.000000
0 300725.000000 15.000000
0 301102.000000 15.000000
0 301598.000000 15.000000
0 302079.000000 15.000000
0 302444.000000 15.000000
0 302904.000000 15.000000
0 303240.000000 15.000000
0 303695.000000 15.000000
0 304165.000000 15.000000
0 304583.000000 15.000000
0 304894.000000 15.000000
0 305336.000000 15.000000
0 305768.000000 15.000000
0 306264.000000 15.000000
0 306743.000000 15.000000
0 307164.000000 15.000000
0 307534.000000 15.000000
0 308018.000000 15.000000
0 308490.000000 15.000000
0 308817.000000 15.000000
0 309151.000000 15.000000
0 309491.000000 15.000000
0 309874.000000 15.000000
0 310246.000000 15.000000
0 310744.000000 15.000000
0 311074.000000 15.000000
0 311437.000000 15.000000
0 311884.000000 15.000000
0 312334.000000 15.000000
0 312664.000000 15.000000
0 313137.000000 15.000000
0 313551.000000 15.000000
0 313910.000000 15.000000
0 314332.000000 15.000000
0 314679.000000 15.000000
0 315103.000000 15.000000
0 315485.000000 15.000000
0 315820.000000 15.000000
0 316152.000000 15.000000
0 316456.000000 15.000000
0 316910.000000 15.000000
0 317253.000000 15.000000
0 317651.000000 15.000000
0 318037.000000 15.000000
0 318377.000000 15.000000
0 318755.000000 15.000000
0 319214.000000 15.000000
0 319576.000000 15.000000
0 319938.000000 15.000000
0 320321.000000 15.000000
0 320662.000000 15.000000
0 321010.000000 15.000000
0 321433.000000 15.000000
0 321857.000000 15.000000
0 322229.000000 15.000000
0 322651.000000 15.000000
0 323105.000000 15.000000
0 323540.000000 15.000000
0 323861.000000 15.000000
0 324218.000000 15.000000
0 324683.000000 15.000000
0 325130.000000 15.000000
0 325601.000000 15.000000
0 326077.000000 15.000000
0 326446.000000 15.000000
0 326764.000000 15.000000
0 327165.000000 15.000000
0 327568.000000 15.000000
0 327921.000000 15.000000
0 328354.000000 15.000000
0 328761.000000 15.000000
0 329220.000000 15.000000
0 329648.000000 15.000000
0 329954.000000 15.000000
0 330451.000000 15.000000
0 330871.000000 15.000000
0 331255.000000 15.000000
0 331663.000000 15.000000
0 332097.000000 15.000000
0 332495.000000 15.000000
0 332986.000000 15.000000
0 333462.000000 15.000000
0 333860.000000 15.000000
0 334275.000000 15.000000
0 334627.000000 15.000000
0 335098.000000 15.000000
0 335587.000000 15.000000
0 336046.000000 15.000000
0 336452.000000 15.000000
0 336762.000000 15.000000
0 337078.000000 15.000000
0 337402.000000 15.000000
0 337811.000000 15.000000
0 338250.000000 15.000000
0 338550.000000 15.000000
0 339028.000000 15.000000
0 339437.000000 15.000000
0 339790.000000 15.000000
0 340171.000000 15.000000
0 340585.000000 15.000000
0 341023.000000 15.000000
0 341512.000000 15.000000
0 341838.000000 15.000000
0 342205.000000 15.000000
0 342652.000000 15.000000
0 342975.000000 15.000000
0 343462.000000 15.000000
0 343793.000000 15.000000
0 344225.000000 15.000000
0 344647.000000 15.000000
0 345028.000000 15.000000
0 345403.000000 15.000000
0 345753.000000 15.000000
0 346232.000000 15.000000
0 346722.000000 15.000000
0 347076.000000 15.000000
0 347526.000000 15.000000
0 347957.000000 15.000000
0 348270.000000 15.000000
0 348627.000000 15.000000
0 349021.000000 15.000000
0 349502.000000 15.000000
0 349883.000000 15.000000
0 350186.000000 15.000000
0 350606.000000 15.000000
0 350939.000000 15.000000
0 351421.000000 15.000000
0 351902.000000 15.000000
0 352289.000000 15.000000
0 352604.000000 15.000000
0 353000.000000 15.000000
0 353325.000000 15.000000
0 353629.000000 15.000000
0 354051.000000 15.000000
0 354443.000000 15.000000
0 354894.000000 15.000000
0 355291.000000 15.000000
0 355623.000000 15.000000
0 356057.000000 15.000000
0 356538.000000 15.000000
0 356944.000000 15.000000
0 357259.000000 15.000000
0 357616.000000 15.000000
0 358024.000000 15.000000
0 358519.000000 15.000000
0 359018.000000 15.000000
0 359480.000000 15.000000
0 359877.000000 15.000000
0 360260.000000 15.000000
0 360736.000000 15.000000
0 361190.000000 15.000000
0 361667.000000 15.000000
0 362076.000000 15.000000
1 362563.000000 15.000000
1 362995.000000 15.000000
1 363477.000000 15.000000
1 363798.000000 15.000000
1 364164.000000 15.000000
1 364627.000000 15.000000
1 364987.000000 15.000000
1 365369.000000 15.000000
1 365680.000000 15.000000
1 366065.000000 15.000000
1 366451.000000 15.000000
1 366836.000000 15.000000
1 367266.000000 15.000000
1 367756.000000 15.000000
1 368239.000000 15.000000
1 368653.000000 15.000000
1 369029.000000 15.000000
1 369445.000000 15.000000
1 369765.000000 15.000000
1 370157.000000 15.000000
1 370582.000000 15.000000
1 371010.000000 15.000000
1 371349.000000 15.000000
1 371774.000000 15.000000
1 372164.000000 15.000000
1 372600.000000 15.000000
1 373060.000000 15.000000
1 373378.000000 15.000000
1 373721.000000 15.000000
1 374158.000000 15.000000
1 374586.000000 15.000000
1 375068.000000 15.000000
1 375389.000000 15.000000
1 375799.000000 15.000000
1 376254.000000 15.000000
1 376642.000000 15.000000
1 376967.000000 15.000000
1 377282.000000 15.000000
1 377752.000000 15.000000
1 378089.000000 15.000000
1 378442.000000 15.000000
1 378750.000000 15.000000
1 379172.000000 15.000000
1 379655.000000 15.000000
1 380105.000000 15.000000
1 380462.000000 15.000000
1 380859.000000 15.000000
1 381186.000000 15.000000
1 381612.000000 15.000000
1 381981.000000 15.000000
1 382352.000000 15.000000
1 382703.000000 15.000000
1 383152.000000 15.000000
1 383562.000000 15.000000
1 383990.000000 15.000000
1 384329.000000 15.000000
1 384827.000000 15.000000
1 385215.000000 15.000000
1 385525.000000 15.000000
1 386018.000000 15.000000
1 386495.000000 15.000000
1 386885.000000 15.000000
1 387361.000000 15.000000
1 387860.000000 15.000000
1 388312.000000 15.000000
1 388743.000000 15.000000
1 389130.000000 15.000000
1 389607.000000 15.000000
1 390006.000000 15.000000
1 390363.000000 15.000000
1 390829.000000 15.000000
1 391281.000000 15.000000
1 391598.000000 15.000000
1 391939.000000 15.000000
1 392374.000000 15.000000
1 392842.000000 15.000000
1 393240.000000 15.000000
1 393724.000000 15.000000
1 394219.000000 15.000000
1 394695.000000 15.000000
1 395000.000000 15.000000
1 395366.000000 15.000000
1 395694.000000 15.000000
1 396148.000000 15.000000
1 396576.000000 15.000000
1 396984.000000 15.000000
1 397477.000000 15.000000
1 397855.000000 15.000000
1 398352.000000 15.000000
1 398807.000000 15.000000
1 399179.000000 15.000000
1 399653.000000 15.000000
1 399998.000000 15.000000
1 400298.000000 15.000000
1 400723.000000 15.000000
1 401220.000000 15.000000
1 401603.000000 15.000000
1 401915.000000 15.000000
1 402342.000000 15.000000
1 402824.000000 15.000000
1 403145.000000 15.000000
1 403538.000000 15.000000
1 403972.000000 15.000000
1 404311.000000 15.000000
1 404745.000000 15.000000
1 405066.000000 15.000000
1 405525.000000 15.000000
1 406010.000000 15.000000
1 406467.000000 15.000000
1 406921.000000 15.000000
1 407382.000000 15.000000
1 407844.000000 15.000000
1 408316.000000 15.000000
1 408757.000000 15.000000
1 409173.000000 15.000000
1 409525.000000 15.000000
1 409875.000000 15.000000
1 410237.000000 15.000000
1 410619.000000 15.000000
1 411118.000000 15.000000
1 411435.000000 15.000000
1 411889.000000 15.000000
1 412362.000000 15.000000
1 412677.000000 15.000000
1 413083.000000 15.000000
1 413434.000000 15.000000
1 413898.000000 15.000000
1 414388.000000 15.000000
1 414751.000000 15.000000
1 415142.000000 15.000000
1 415614.000000 15.000000
1 415951.000000 15.000000
1 416388.000000 15.000000
1 416747.000000 15.000000
1 417075.000000 15.000000
1 417446.000000 15.000000
1 417826.000000 15.000000
1 418313.000000 15.000000
1 418669.000000 15.000000
1 419159.000000 15.000000
1 419600.000000 15.000000
1 420070.000000 15.000000
1 420522.000000 15.000000
1 420887.000000 15.000000
1 421298.000000 15.000000
1 421667.000000 15.000000
1 422084.000000 15.000000
1 422545.000000 15.000000
1 422928.000000 15.000000
1 423379.000000 15.000000
1 423791.000000 15.000000
1 424191.000000 15.000000
1 424597.000000 15.000000
1 424935.000000 15.000000
1 425302.000000 15.000000
1 425766.000000 15.000000
1 426155.000000 15.000000
1 426487.000000 15.000000
1 426941.000000 15.000000
1 427345.000000 15.000000
1 427720.000000 15.000000
1 428099.000000 15.000000
1 428540.000000 15.000000
1 428852.000000 15.000000
1 429290.000000 15.000000
1 429759.000000 15.000000
1 430095.000000 15.000000
1 430565.000000 15.000000
1 431021.000000 15.000000
1 431365.000000 15.000000
1 431825.000000 15.000000
1 432174.000000 15.000000
1 432488.000000 15.000000
1 432853.000000 15.000000
1 433267.000000 15.000000
1 433693.000000 15.000000
1 434079.000000 15.000000
1 434562.000000 15.000000
1 434901.000000 15.000000
1 435370.000000 15.000000
1 435805.000000 15.000000
1 436257.000000 15.000000
1 436578.000000 15.000000
1 437071.000000 15.000000
1 437561.000000 15.000000
1 437950.000000 15.000000
1 438359.000000 15.000000
1 438690.000000 15.000000
1 439063.000000 15.000000
1 439427.000000 15.000000
1 439862.000000 15.000000
1 440310.000000 15.000000
1 440705.000000 15.000000
1 441082.000000 15.000000
1 441495.000000 15.000000
1 441828.000000 15.000000
1 442326.000000 15.000000
1 442775.000000 15.000000
1 443230.000000 15.000000
1 443685.000000 15.000000
1 444178.000000 15.000000
1 444546.000000 15.000000
1 445002.000000 15.000000
1 445462.000000 15.000000
1 445895.000000 15.000000
1 446218.000000 15.000000
1 446604.000000 15.000000
1 447075.000000 15.000000
1 447533.000000 15.000000
1 447910.000000 15.000000
1 448350.000000 15.000000
1 448695.000000 15.000000
1 449176.000000 15.000000
1 449637.000000 15.000000
1 450127.000000 15.000000
1 450550.000000 15.000000
1 450900.000000 15.000000
1 451300.000000 15.000000
1 451754.000000 15.000000
1 452129.000000 15.000000
1 452593.000000 15.000000
1 452935.000000 15.000000
1 453259.000000 15.000000
1 453618.000000 15.000000
1 454037.000000 15.000000
1 454426.000000 15.000000
1 454770.000000 15.000000
1 455139.000000 15.000000
1 455477.000000 15.000000
1 455928.000000 15.000000
1 456404.000000 15.000000
1 456887.000000 15.000000
1 457206.000000 15.000000
1 457639.000000 15.000000
1 458082.000000 15.000000
1 458486.000000 15.000000
1 458942.000000 15.000000
1 459423.000000 15.000000
1 459798.000000 15.000000
1 460164.000000 15.000000
1 460475.000000 15.000000
1 460942.000000 15.000000
1 461354.000000 15.000000
1 461846.000000 15.000000
1 462275.000000 15.000000
1 462677.000000 15.000000
1 463045.000000 15.000000
1 463476.000000 15.000000
1 463778.000000 15.000000
1 464252.000000 15.000000
1 464559.000000 15.000000
1 464977.000000 15.000000
1 465293.000000 15.000000
1 465776.000000 15.000000
1 466253.000000 15.000000
1 466640.000000 15.000000
1 467012.000000 15.000000
1 467485.000000 15.000000
1 467942.000000 15.000000
1 468304.000000 15.000000
1 468729.000000 15.000000
1 469162.000000 15.000000
1 469659.000000 15.000000
1 470055.000000 15.000000
1 470373.000000 15.000000
1 470814.000000 15.000000
1 471267.000000 15.000000
1 471693.000000 15.000000
1 472067.000000 15.000000
1 472547.000000 15.000000
1 473040.000000 15.000000
1 473425.000000 15.000000
1 473873.000000 15.000000
1 474278.000000 15.000000
1 474608.000000 15.000000
1 474937.000000 15.000000
1 475396.000000 15.000000
1 475794.000000 15.000000
1 476254.000000 15.000000
1 476716.000000 15.000000
1 477040.000000 15.000000
1 477459.000000 15.000000
1 477839.000000 15.000000
1 478180.000000 15.000000
1 478582.000000 15.000000
1 478892.000000 15.000000
1 479272.000000 15.000000
1 479698.000000 15.000000
1 480181.000000 15.000000
1 480670.000000 15.000000
1 481110.000000 15.000000
1 481518.000000 15.000000
1 481941.000000 15.000000
1 482379.000000 15.000000
1 482836.000000 15.000000
1 483229.000000 15.000000
1 483560.000000 15.000000
1 483970.000000 15.000000
1 484290.000000 15.000000
1 484695.000000 15.000000
2 485085.000000 15.000000
2 485398.000000 15.000000
2 485889.000000 15.000000
2 486227.000000 15.000000
2 486597.000000 15.000000
2 486918.000000 15.000000
2 487285.000000 15.000000
2 487614.000000 15.000000
2 487985.000000 15.000000
2 488465.000000 15.000000
2 488908.000000 15.000000
2 489303.000000 15.000000
2 489702.000000 15.000000
2 490026.000000 15.000000
2 490414.000000 15.000000
2 490868.000000 15.000000
2 491354.000000 15.000000
2 491823.000000 15.000000
2 492155.000000 15.000000
2 492624.000000 15.000000
2 493034.000000 15.000000
2 493507.000000 15.000000
2 493837.000000 15.000000
2 494170.000000 15.000000
2 494533.000000 15.000000
2 495020.000000 15.000000
2 495399.000000 15.000000
2 495793.000000 15.000000
2 496142.000000 15.000000
2 496541.000000 15.000000
2 496992.000000 15.000000
2 497431.000000 15.000000
2 497795.000000 15.000000
2 498237.000000 15.000000
2 498667.000000 15.000000
2 499053.000000 15.000000
2 499468.000000 15.000000
2 499917.000000 15.000000
2 500332.000000 15.000000
2 500818.000000 15.000000
2 501199.000000 15.000000
2 501510.000000 15.000000
2 501844.000000 15.000000
2 502277.000000 15.000000
2 502764.000000 15.000000
2 503186.000000 15.000000
2 503573.000000 15.000000
2 504046.000000 15.000000
2 504389.000000 15.000000
2 504808.000000 15.000000
2 505250.000000 15.000000
2 505704.000000 15.000000
2 506048.000000 15.000000
2 506472.000000 15.000000
2 506911.000000 15.000000
2 507270.000000 15.000000
2 507633.000000 15.000000
2 507951.000000 15.000000
2 508404.000000 15.000000
2 508816.000000 15.000000
2 509185.000000 15.000000
2 509590.000000 15.000000
2 509894.000000 15.000000
2 510327.000000 15.000000
2 510826.000000 15.000000
2 511260.000000 15.000000
2 511579.000000 15.000000
2 511994.000000 15.000000
2 512329.000000 15.000000
2 512716.000000 15.000000
2 513069.000000 15.000000
2 513438.000000 15.000000
2 513788.000000 15.000000
2 514175.000000 15.000000
2 514477.000000 15.000000
2 514814.000000 15.000000
2 515276.000000 15.000000
2 515665.000000 15.000000
2 515975.000000 15.000000
2 516280.000000 15.000000
2 516740.000000 15.000000
2 517144.000000 15.000000
2 517555.000000 15.000000
2 518012.000000 15.000000
2 518341.000000 15.000000
2 518644.000000 15.000000
2 518960.000000 15.000000
2 519352.000000 15.000000
2 519673.000000 15.000000
2 520095.000000 15.000000
2 520400.000000 15.000000
2 520743.000000 15.000000
2 521222.000000 15.000000
2 521683.000000 15.000000
2 522111.000000 15.000000
2 522589.000000 15.000000
2 522936.000000 15.000000
2 523336.000000 15.000000
2 523681.000000 15.000000
2 524063.000000 15.000000
2 524550.000000 15.000000
2 524949.000000 15.000000
2 525400.000000 15.000000
2 525889.000000 15.000000
2 526375.000000 15.000000
2 526828.000000 15.000000
2 527154.000000 15.000000
2 527602.000000 15.000000
2 528096.000000 15.000000
2 528432.000000 15.000000
2 528838.000000 15.000000
2 529245.000000 15.000000
2 529637.000000 15.000000
2 529954.000000 15.000000
2 530318.000000 15.000000
2 530739.000000 15.000000
2 531059.000000 15.000000
2 531439.000000 15.000000
2 531905.000000 15.000000
2 532399.000000 15.000000
2 532853.000000 15.000000
2 533276.000000 15.000000
2 533613.000000 15.000000
2 534046.000000 15.000000
2 534430.000000 15.000000
2 534847.000000 15.000000
2 535259.000000 15.000000
2 535690.000000 15.000000
2 536007.000000 15.000000
2 536416.000000 15.000000
2 536881.000000 15.000000
2 537337.000000 15.000000
2 537645.000000 15.000000
2 538014.000000 15.000000
2 538459.000000 15.000000
2 538954.000000 15.000000
2 539276.000000 15.000000
2 539747.000000 15.000000
2 540142.000000 15.000000
2 540611.000000 15.000000
2 541070.000000 15.000000
2 541371.000000 15.000000
2 541747.000000 15.000000
2 542099.000000 15.000000
2 542570.000000 15.000000
2 543010.000000 15.000000
2 543435.000000 15.000000
2 543878.000000 15.000000
2 544350.000000 15.000000
2 544741.000000 15.000000
2 545130.000000 15.000000
2 545557.000000 15.000000
2 546023.000000 15.000000
2 546401.000000 15.000000
2 546713.000000 15.000000
2 547063.000000 15.000000
2 547559.000000 15.000000
2 547983.000000 15.000000
2 548416.000000 15.000000
2 548729.000000 15.000000
2 549215.000000 15.000000
2 549614.000000 15.000000
2 550084.000000 15.000000
2 550578.000000 15.000000
2 551046.000000 15.000000
2 551461.000000 15.000000
2 551902.000000 15.000000
2 552344.000000 15.000000
2 552683.000000 15.000000
2 553020.000000 15.000000
2 553383.000000 15.000000
2 553881.000000 15.000000
2 554371.000000 15.000000
2 554810.000000 15.000000
2 555112.000000 15.000000
2 555525.000000 15.000000
2 555856.000000 15.000000
2 556284.000000 15.000000
2 556641.000000 15.000000
2 556945.000000 15.000000
2 557416.000000 15.000000
2 557862.000000 15.000000
2 558245.000000 15.000000
2 558683.000000 15.000000
2 559008.000000 15.000000
2 559403.000000 15.000000
2 559843.000000 15.000000
2 560164.000000 15.000000
2 560636.000000 15.000000
2 560962.000000 15.000000
2 561296.000000 15.000000
2 561754.000000 15.000000
2 562179.000000 15.000000
2 562635.000000 15.000000
2 563087.000000 15.000000
2 563432.000000 15.000000
2 563804.000000 15.000000
2 564150.000000 15.000000
2 564589.000000 15.000000
2 565000.000000 15.000000
2 565383.000000 15.000000
2 565686.000000 15.000000
2 566047.000000 15.000000
2 566372.000000 15.000000
2 566814.000000 15.000000
2 567130.000000 15.000000
2 567569.000000 15.000000
2 568043.000000 15.000000
2 568487.000000 15.000000
2 568983.000000 15.000000
2 569413.000000 15.000000
2 569780.000000 15.000000
2 570174.000000 15.000000
2 570487.000000 15.000000
2 570944.000000 15.000000
2 571363.000000 15.000000
2 571723.000000 15.000000
2 572073.000000 15.000000
2 572465.000000 15.000000
2 572797.000000 15.000000
2 573173.000000 15.000000
2 573552.000000 15.000000
2 574042.000000 15.000000
2 574495.000000 15.000000
2 574830.000000 15.000000
2 575225.000000 15.000000
2 575723.000000 15.000000
2 576130.000000 15.000000
2 576571.000000 15.000000
2 577008.000000 15.000000
2 577478.000000 15.000000
2 577954.000000 15.000000
2 578394.000000 15.000000
2 578878.000000 15.000000
2 579179.000000 15.000000
2 579562.000000 15.000000
2 579862.000000 15.000000
2 580254.000000 15.000000
2 580563.000000 15.000000
2 580959.000000 15.000000
2 581299.000000 15.000000
2 581738.000000 15.000000
2 582201.000000 15.000000
2 582636.000000 15.000000
2 583040.000000 15.000000
2 583413.000000 15.000000
2 583719.000000 15.000000
2 584183.000000 15.000000
2 584606.000000 15.000000
2 584957.000000 15.000000
2 585406.000000 15.000000
2 585857.000000 15.000000
2 586287.000000 15.000000
2 586726.000000 15.000000
2 587130.000000 15.000000
2 587595.000000 15.000000
2 588081.000000 15.000000
2 588483.000000 15.000000
2 588808.000000 15.000000
2 589187.000000 15.000000
2 589678.000000 15.000000
2 590125.000000 15.000000
2 590432.000000 15.000000
2 590816.000000 15.000000
2 591247.000000 15.000000
2 591708.000000 15.000000
2 592127.000000 15.000000
2 592558.000000 15.000000
2 592911.000000 15.000000
2 593339.000000 15.000000
2 593666.000000 15.000000
2 594060.000000 15.000000
2 594379.000000 15.000000
2 594822.000000 15.000000
2 595303.000000 15.000000
2 595726.000000 15.000000
2 596194.000000 15.000000
2 596681.000000 15.000000
2 597020.000000 15.000000
2 597363.000000 15.000000
2 597701.000000 15.000000
2 598189.000000 15.000000
2 598683.000000 15.000000
2 599103.000000 15.000000
2 599483.000000 15.000000
2 599881.000000 15.000000
2 600267.000000 15.000000
2 600585.000000 15.000000
2 601037.000000 15.000000
2 601400.000000 15.000000
2 601798.000000 15.000000
2 602193.000000 15.000000
2 602503.000000 15.000000
2 602908.000000 15.000000
2 603387.000000 15.000000
2 603829.000000 15.000000
2 604195.000000 15.000000
2 604593.000000 15.000000
2 604918.000000 15.000000
2 605290.000000 15.000000
3 605768.000000 15.000000
3 606121.000000 15.000000
3 606587.000000 15.000000
3 607084.000000 15.000000
3 607532.000000 15.000000
3 607979.000000 15.000000
3 608351.000000 15.000000
3 608767.000000 15.000000
3 609153.000000 15.000000
3 609565.000000 15.000000
3 610024.000000 15.000000
3 610401.000000 15.000000
3 610801.000000 15.000000
3 611254.000000 15.000000
3 611751.000000 15.000000
3 612183.000000 15.000000
3 612486.000000 15.000000
3 612821.000000 15.000000
3 613272.000000 15.000000
3 613679.000000 15.000000
3 614077.000000 15.000000
3 614426.000000 15.000000
3 614880.000000 15.000000
3 615241.000000 15.000000
3 615647.000000 15.000000
3 616081.000000 15.000000
3 616384.000000 15.000000
3 616809.000000 15.000000
3 617293.000000 15.000000
3 617621.000000 15.000000
3 618118.000000 15.000000
3 618581.000000 15.000000
3 618914.000000 15.000000
3 619329.000000 15.000000
3 619789.000000 15.000000
3 620270.000000 15.000000
3 620584.000000 15.000000
3 621069.000000 15.000000
3 621466.000000 15.000000
3 621866.000000 15.000000
3 622263.000000 15.000000
3 622571.000000 15.000000
3 623000.000000 15.000000
3 623449.000000 15.000000
3 623862.000000 15.000000
3 624241.000000 15.000000
3 624575.000000 15.000000
3 624991.000000 15.000000
3 625405.000000 15.000000
3 625890.000000 15.000000
3 626365.000000 15.000000
3 626830.000000 15.000000
3 627316.000000 15.000000
3 627746.000000 15.000000
3 628072.000000 15.000000
3 628464.000000 15.000000
3 628780.000000 15.000000
3 629109.000000 15.000000
3 629578.000000 15.000000
3 630030.000000 15.000000
3 630339.000000 15.000000
3 630805.000000 15.000000
3 631220.000000 15.000000
3 631715.000000 15.000000
3 632048.000000 15.000000
3 632376.000000 15.000000
3 632852.000000 15.000000
3 633199.000000 15.000000
3 633512.000000 15.000000
3 633838.000000 15.000000
3 634238.000000 15.000000
3 634600.000000 15.000000
3 635086.000000 15.000000
3 635415.000000 15.000000
3 635878.000000 15.000000
3 636278.000000 15.000000
3 636686.000000 15.000000
3 637183.000000 15.000000
3 637499.000000 15.000000
3 637974.000000 15.000000
3 638456.000000 15.000000
3 638900.000000 15.000000
3 639340.000000 15.000000
3 639760.000000 15.000000
3 640086.000000 15.000000
3 640504.000000 15.000000
3 640969.000000 15.000000
3 641463.000000 15.000000
3 641862.000000 15.000000
3 642296.000000 15.000000
3 642742.000000 15.000000
3 643150.000000 15.000000
3 643503.000000 15.000000
3 643865.000000 15.000000
3 644268.000000 15.000000
3 644654.000000 15.000000
3 644996.000000 15.000000
3 645328.000000 15.000000
3 645762.000000 15.000000
3 646069.000000 15.000000
3 646379.000000 15.000000
3 646713.000000 15.000000
3 647082.000000 15.000000
3 647578.000000 15.000000
3 647893.000000 15.000000
3 648377.000000 15.000000
3 648773.000000 15.000000
3 649197.000000 15.000000
3 649679.000000 15.000000
3 650044.000000 15.000000
3 650395.000000 15.000000
3 650811.000000 15.000000
3 651272.000000 15.000000
3 651715.000000 15.000000
3 652052.000000 15.000000
3 652539.000000 15.000000
3 652900.000000 15.000000
3 653202.000000 15.000000
3 653683.000000 15.000000
3 654143.000000 15.000000
3 654531.000000 15.000000
3 654910.000000 15.000000
3 655230.000000 15.000000
3 655671.000000 15.000000
3 656064.000000 15.000000
3 656488.000000 15.000000
3 656816.000000 15.000000
3 657251.000000 15.000000
3 657659.000000 15.000000
3 658121.000000 15.000000
3 658563.000000 15.000000
3 658933.000000 15.000000
3 659429.000000 15.000000
3 659892.000000 15.000000
3 660258.000000 15.000000
3 660569.000000 15.000000
3 660969.000000 15.000000
3 661384.000000 15.000000
3 661771.000000 15.000000
3 662105.000000 15.000000
3 662537.000000 15.000000
3 662927.000000 15.000000
3 663377.000000 15.000000
3 663770.000000 15.000000
3 664103.000000 15.000000
3 664542.000000 15.000000
3 664922.000000 15.000000
3 665316.000000 15.000000
3 665709.000000 15.000000
3 666022.000000 15.000000
3 666376.000000 15.000000
3 666858.000000 15.000000
3 667202.000000 15.000000
3 667577.000000 15.000000
3 668000.000000 15.000000
3 668438.000000 15.000000
3 668889.000000 15.000000
3 669340.000000 15.000000
3 669713.000000 15.000000
3 670024.000000 15.000000
3 670389.000000 15.000000
3 670857.000000 15.000000
3 671238.000000 15.000000
3 671551.000000 15.000000
3 671934.000000 15.000000
3 672333.000000 15.000000
3 672810.000000 15.000000
3 673245.000000 15.000000
3 673559.000000 15.000000
3 673923.000000 15.000000
3 674392.000000 15.000000
3 674838.000000 15.000000
3 675245.000000 15.000000
3 675617.000000 15.000000
3 676108.000000 15.000000
3 676548.000000 15.000000
3 676859.000000 15.000000
3 677182.000000 15.000000
3 677669.000000 15.000000
3 678026.000000 15.000000
3 678362.000000 15.000000
3 678855.000000 15.000000
3 679194.000000 15.000000
3 679575.000000 15.000000
3 679895.000000 15.000000
3 680309.000000 15.000000
3 680780.000000 15.000000
3 681251.000000 15.000000
3 681569.000000 15.000000
3 682065.000000 15.000000
3 682499.000000 15.000000
3 682882.000000 15.000000
3 683346.000000 15.000000
3 683813.000000 15.000000
3 684210.000000 15.000000
3 684510.000000 15.000000
3 684877.000000 15.000000
3 685251.000000 15.000000
3 685686.000000 15.000000
3 686019.000000 15.000000
3 686409.000000 15.000000
3 686766.000000 15.000000
3 687198.000000 15.000000
3 687647.000000 15.000000
3 688076.000000 15.000000
3 688499.000000 15.000000
3 688889.000000 15.000000
3 689281.000000 15.000000
3 689728.000000 15.000000
3 690057.000000 15.000000
3 690506.000000 15.000000
3 690941.000000 15.000000
3 691263.000000 15.000000
3 691703.000000 15.000000
3 692171.000000 15.000000
3 692514.000000 15.000000
3 692869.000000 15.000000
3 693308.000000 15.000000
3 693774.000000 15.000000
3 694099.000000 15.000000
3 694535.000000 15.000000
3 694888.000000 15.000000
3 695248.000000 15.000000
3 695600.000000 15.000000
3 695920.000000 15.000000
3 696377.000000 15.000000
3 696681.000000 15.000000
3 697068.000000 15.000000
3 697551.000000 15.000000
3 697991.000000 15.000000
3 698412.000000 15.000000
3 698738.000000 15.000000
3 699235.000000 15.000000
3 699540.000000 15.000000
3 699967.000000 15.000000
3 700345.000000 15.000000
3 700773.000000 15.000000
3 701242.000000 15.000000
3 701712.000000 15.000000
3 702039.000000 15.000000
3 702537.000000 15.000000
3 702957.000000 15.000000
3 703420.000000 15.000000
3 703741.000000 15.000000
3 704101.000000 15.000000
3 704484.000000 15.000000
3 704800.000000 15.000000
3 705167.000000 15.000000
3 705490.000000 15.000000
3 705972.000000 15.000000
3 706364.000000 15.000000
3 706775.000000 15.000000
3 707110.000000 15.000000
3 707563.000000 15.000000
3 708026.000000 15.000000
3 708334.000000 15.000000
3 708696.000000 15.000000
3 709164.000000 15.000000
3 709559.000000 15.000000
3 710057.000000 15.000000
3 710417.000000 15.000000
3 710885.000000 15.000000
3 711361.000000 15.000000
3 711670.000000 15.000000
3 712143.000000 15.000000
3 712546.000000 15.000000
3 712933.000000 15.000000
3 713287.000000 15.000000
3 713660.000000 15.000000
3 714017.000000 15.000000
3 714398.000000 15.000000
3 714721.000000 15.000000
3 715150.000000 15.000000
3 715646.000000 15.000000
3 715990.000000 15.000000
3 716432.000000 15.000000
3 716812.000000 15.000000
3 717124.000000 15.000000
3 717433.000000 15.000000
3 717788.000000 15.000000
3 718235.000000 15.000000
3 718589.000000 15.000000
3 719055.000000 15.000000
3 719489.000000 15.000000
3 719948.000000 15.000000
3 720329.000000 15.000000
3 720771.000000 15.000000
3 721244.000000 15.000000
3 721545.000000 15.000000
3 721883.000000 15.000000
3 722354.000000 15.000000
3 722667.000000 15.000000
3 723125.000000 15.000000
3 723524.000000 15.000000
3 723846.000000 15.000000
3 724230.000000 15.000000
3 724685.000000 15.000000
3 725046.000000 15.000000
3 725436.000000 15.000000
3 725916.000000 15.000000
4 726287.000000 15.000000
4 726710.000000 15.000000
4 727013.000000 15.000000
4 727313.000000 15.000000
4 727733.000000 15.000000
4 728033.000000 15.000000
4 728475.000000 15.000000
4 728927.000000 15.000000
4 729239.000000 15.000000
4 729643.000000 15.000000
4 729950.000000 15.000000
4 730409.000000 15.000000
4 730867.000000 15.000000
4 731292.000000 15.000000
4 731686.000000 15.000000
4 732103.000000 15.000000
4 732561.000000 15.000000
4 732897.000000 15.000000
4 733287.000000 15.000000
4 733747.000000 15.000000
4 734073.000000 15.000000
4 734387.000000 15.000000
4 734860.000000 15.000000
4 735297.000000 15.000000
4 735662.000000 15.000000
4 736110.000000 15.000000
4 736431.000000 15.000000
4 736751.000000 15.000000
4 737060.000000 15.000000
4 737423.000000 15.000000
4 737723.000000 15.000000
4 738055.000000 15.000000
4 738541.000000 15.000000
4 738845.000000 15.000000
4 739178.000000 15.000000
4 739536.000000 15.000000
4 739992.000000 15.000000
4 740419.000000 15.000000
4 740729.000000 15.000000
4 741197.000000 15.000000
4 741528.000000 15.000000
4 741997.000000 15.000000
4 742425.000000 15.000000
4 742866.000000 15.000000
4 743212.000000 15.000000
4 743686.000000 15.000000
4 744044.000000 15.000000
4 744349.000000 15.000000
4 744659.000000 15.000000
4 745060.000000 15.000000
4 745525.000000 15.000000
4 746014.000000 15.000000
4 746381.000000 15.000000
4 746771.000000 15.000000
4 747197.000000 15.000000
4 747629.000000 15.000000
4 747967.000000 15.000000
4 748366.000000 15.000000
4 748771.000000 15.000000
4 749071.000000 15.000000
4 749533.000000 15.000000
4 749890.000000 15.000000
4 750222.000000 15.000000
4 750670.000000 15.000000
4 751031.000000 15.000000
4 751348.000000 15.000000
4 751655.000000 15.000000
4 752124.000000 15.000000
4 752521.000000 15.000000
4 752990.000000 15.000000
4 753428.000000 15.000000
4 753856.000000 15.000000
4 754295.000000 15.000000
4 754613.000000 15.000000
4 754983.000000 15.000000
4 755468.000000 15.000000
4 755960.000000 15.000000
4 756340.000000 15.000000
4 756782.000000 15.000000
4 757236.000000 15.000000
4 757669.000000 15.000000
4 758076.000000 15.000000
4 758519.000000 15.000000
4 758819.000000 15.000000
4 759269.000000 15.000000
4 759590.000000 15.000000
4 759975.000000 15.000000
4 760463.000000 15.000000
4 760883.000000 15.000000
4 761373.000000 15.000000
4 761813.000000 15.000000
4 762147.000000 15.000000
4 762494.000000 15.000000
4 762919.000000 15.000000
4 763402.000000 15.000000
4 763763.000000 15.000000
4 764157.000000 15.000000
4 764599.000000 15.000000
4 764929.000000 15.000000
4 765420.000000 15.000000
4 765783.000000 15.000000
4 766203.000000 15.000000
4 766623.000000 15.000000
4 767077.000000 15.000000
4 767515.000000 15.000000
4 767957.000000 15.000000
4 768349.000000 15.000000
4 768779.000000 15.000000
4 769101.000000 15.000000
4 769435.000000 15.000000
4 769820.000000 15.000000
4 770228.000000 15.000000
4 770622.000000 15.000000
4 771102.000000 15.000000
4 771510.000000 15.000000
4 771854.000000 15.000000
4 772156.000000 15.000000
4 772601.000000 15.000000
4 773085.000000 15.000000
4 773507.000000 15.000000
4 773894.000000 15.000000
4 774319.000000 15.000000
4 774776.000000 15.000000
4 775211.000000 15.000000
4 775513.000000 15.000000
4 775905.000000 15.000000
4 776353.000000 15.000000
4 776749.000000 15.000000
4 777235.000000 15.000000
4 777665.000000 15.000000
4 778005.000000 15.000000
4 778354.000000 15.000000
4 778705.000000 15.000000
4 779117.000000 15.000000
4 779573.000000 15.000000
4 780062.000000 15.000000
4 780416.000000 15.000000
4 780764.000000 15.000000
4 781136.000000 15.000000
4 781464.000000 15.000000
4 781846.000000 15.000000
4 782303.000000 15.000000
4 782691.000000 15.000000
4 783167.000000 15.000000
4 783604.000000 15.000000
4 784101.000000 15.000000
4 784421.000000 15.000000
4 784860.000000 15.000000
4 785254.000000 15.000000
4 785559.000000 15.000000
4 785873.000000 15.000000
4 786355.000000 15.000000
4 786737.000000 15.000000
4 787160.000000 15.000000
4 787529.000000 15.000000
4 787865.000000 15.000000
4 788180.000000 15.000000
4 788497.000000 15.000000
4 788881.000000 15.000000
4 789334.000000 15.000000
4 789733.000000 15.000000
4 790157.000000 15.000000
4 790611.000000 15.000000
4 791061.000000 15.000000
4 791397.000000 15.000000
4 791807.000000 15.000000
4 792199.000000 15.000000
4 792541.000000 15.000000
4 792999.000000 15.000000
4 793463.000000 15.000000
4 793786.000000 15.000000
4 794127.000000 15.000000
4 794548.000000 15.000000
4 794959.000000 15.000000
4 795428.000000 15.000000
4 795738.000000 15.000000
4 796098.000000 15.000000
4 796588.000000 15.000000
4 796990.000000 15.000000
4 797445.000000 15.000000
4 797892.000000 15.000000
4 798308.000000 15.000000
4 798697.000000 15.000000
4 799178.000000 15.000000
4 799517.000000 15.000000
4 799975.000000 15.000000
4 800292.000000 15.000000
4 800598.000000 15.000000
4 801073.000000 15.000000
4 801474.000000 15.000000
4 801885.000000 15.000000
4 802259.000000 15.000000
4 802737.000000 15.000000
4 803102.000000 15.000000
4 803579.000000 15.000000
4 804045.000000 15.000000
4 804521.000000 15.000000
4 804890.000000 15.000000
4 805351.000000 15.000000
4 805785.000000 15.000000
